12
0	0	0	0	0	0	0	0	0	0	1	0
0	0	75	92	0	0	0	0	0	0	44	82
0	75	0	4	41	0	0	0	6	0	2	38
0	92	4	0	37	3	0	0	0	1	0	0
0	0	41	37	0	2	18	0	42	0	0	0
0	0	0	3	2	0	35	4	29	0	43	0
0	0	0	0	18	35	0	0	3	0	0	0
0	0	0	0	0	4	0	0	26	36	0	1
0	0	6	0	42	29	3	26	0	34	54	0
0	0	0	1	0	0	0	36	34	0	0	3
1	44	2	0	0	43	0	0	54	0	0	71
0	82	38	0	0	0	0	1	0	3	71	0
